1107
 1.5453223834548155E+000
 1.5669007781661146E+000
 1.5919569259300290E+000
 1.6009304937429085E+000
 1.6967541809753244E+000
 1.8650821365164689E+000
 1.8651503918035730E+000
 1.8688957658534500E+000
 1.9567129738827060E+000
 1.9778644870716404E+000
 1.9852154830013129E+000
 1.9918058481117600E+000
 2.0058501891637013E+000
 2.0066457718879467E+000
 2.0251193118053590E+000
 2.0305397503365370E+000
 2.0440673301828016E+000
 2.0640282926756965E+000
 2.0847379747143187E+000
 2.0856350148215497E+000
 2.1119083028298280E+000
 2.1195071708517150E+000
 2.1233478709507367E+000
 2.1263771561154390E+000
 2.1487131083121254E+000
 2.1572404610531160E+000
 2.1663607925129962E+000
 2.1746669235961820E+000
 2.1828705620843811E+000
 2.1884899136270848E+000
 2.2047287061985501E+000
 2.2267210947796396E+000
 2.2390075439079391E+000
 2.2525840374109234E+000
 2.2541416734270907E+000
 2.2653594887273689E+000
 2.2732215018526567E+000
 2.2734124780425362E+000
 2.2799575880012823E+000
 2.2828334904498231E+000
 2.2857546535376128E+000
 2.2982702872970067E+000
 2.3109839426959771E+000
 2.3134659265793474E+000
 2.3243259481017096E+000
 2.3272093048166265E+000
 2.3279063891599927E+000
 2.3328504606093943E+000
 2.3353339354668785E+000
 2.3417127547302052E+000
 2.3428189005104305E+000
 2.3461009104446884E+000
 2.3462336302812634E+000
 2.3471500603293638E+000
 2.3485612400580482E+000
 2.3594459119215556E+000
 2.3595200289348894E+000
 2.3749303906413517E+000
 2.3881748077011764E+000
 2.3974700621137814E+000
 2.4155930513447221E+000
 2.4346484608301893E+000
 2.4438497941552715E+000
 2.4462883696988098E+000
 2.4583572798921463E+000
 2.4657682355762800E+000
 2.4786539573099566E+000
 2.4813463607266142E+000
 2.4974392783432400E+000
 2.5060271708341770E+000
 2.5072451231026962E+000
 2.5108504042255984E+000
 2.5111540492838769E+000
 2.5135136989244309E+000
 2.5184103911713640E+000
 2.5189398010493553E+000
 2.5209445444869321E+000
 2.5213394003253145E+000
 2.5268727472078556E+000
 2.5289979129288653E+000
 2.5368271640077040E+000
 2.5370445335575122E+000
 2.5398374104084853E+000
 2.5408420181113107E+000
 2.5466712504091360E+000
 2.5584316748190377E+000
 2.5586644361476290E+000
 2.5723326502438448E+000
 2.5781203623860249E+000
 2.5837008992653501E+000
 2.5856137279670892E+000
 2.5908336735072095E+000
 2.5926519773732464E+000
 2.6029250715285746E+000
 2.6040460873026436E+000
 2.6154088434743468E+000
 2.6297804759080825E+000
 2.6346754087917601E+000
 2.6365125181286220E+000
 2.6376828280128910E+000
 2.6379838880046464E+000
 2.6474364069299727E+000
 2.6479172661927688E+000
 2.6627189394450244E+000
 2.6807495678542774E+000
 2.6822266618998141E+000
 2.6824744098372744E+000
 2.6826235302461696E+000
 2.6878186273381384E+000
 2.6907883343625096E+000
 2.6935084442731383E+000
 2.7015106947299063E+000
 2.7060295554858023E+000
 2.7074239963887701E+000
 2.7207866413997883E+000
 2.7208136944311030E+000
 2.7211444712689543E+000
 2.7266016899895749E+000
 2.7330015431389620E+000
 2.7346300229036404E+000
 2.7358542993452271E+000
 2.7420958221236575E+000
 2.7450865577053238E+000
 2.7502731785238685E+000
 2.7597814456957974E+000
 2.7611756198445438E+000
 2.7618153687774218E+000
 2.7681822336513489E+000
 2.7710516591674166E+000
 2.7730146160168778E+000
 2.7770126716098797E+000
 2.7798761228390503E+000
 2.7889278358524017E+000
 2.7975056808686647E+000
 2.8069288090411941E+000
 2.8112883412792971E+000
 2.8131900392315421E+000
 2.8174056536059964E+000
 2.8229130374368809E+000
 2.8258481616950095E+000
 2.8272508360243309E+000
 2.8284585085761558E+000
 2.8295341102825771E+000
 2.8392729634333369E+000
 2.8448777954989173E+000
 2.8459674518345737E+000
 2.8501753356565200E+000
 2.8517293060922180E+000
 2.8655926863884713E+000
 2.8668183227705994E+000
 2.8716407354651068E+000
 2.8777447803962435E+000
 2.8805239367022866E+000
 2.9102244025037183E+000
 2.9162773799915396E+000
 2.9299361049119392E+000
 2.9413762177036173E+000
 2.9554524102323709E+000
 2.9563297620474907E+000
 2.9603537460948059E+000
 2.9641575728929954E+000
 2.9659745572383565E+000
 2.9681629852849323E+000
 2.9698487389564585E+000
 2.9717631834008809E+000
 2.9753456589785667E+000
 2.9754022690635455E+000
 2.9762586780817326E+000
 2.9865807517643606E+000
 2.9876988716150312E+000
 2.9886926644439717E+000
 3.0053876395274477E+000
 3.0068919251609620E+000
 3.0094045792989825E+000
 3.0104284998080963E+000
 3.0114987107134259E+000
 3.0165223283838514E+000
 3.0206731266794882E+000
 3.0258004983415376E+000
 3.0272438554984578E+000
 3.0284437104665445E+000
 3.0311759368173568E+000
 3.0320846198497491E+000
 3.0346443072796676E+000
 3.0394529228511340E+000
 3.0423793959967544E+000
 3.0584555357142138E+000
 3.0612642986227536E+000
 3.0649445857582349E+000
 3.0673413770040874E+000
 3.0739023673826162E+000
 3.0744285423062321E+000
 3.0746792370594944E+000
 3.0747867047727842E+000
 3.0779134769738556E+000
 3.0780012237624894E+000
 3.0974454144177579E+000
 3.0983323510344118E+000
 3.1009934947824815E+000
 3.1016180244961680E+000
 3.1036134432578728E+000
 3.1037135306907535E+000
 3.1081129981382225E+000
 3.1118153254990073E+000
 3.1178381765731111E+000
 3.1217735745629072E+000
 3.1309866019929307E+000
 3.1341149286983474E+000
 3.1426005968131783E+000
 3.1427436626031207E+000
 3.1430897012757884E+000
 3.1443418105725915E+000
 3.1503919860834055E+000
 3.1541421890859196E+000
 3.1551104424463783E+000
 3.1555719596917178E+000
 3.1556570215038198E+000
 3.1610754966489094E+000
 3.1657575704576644E+000
 3.1755954325132278E+000
 3.1791115193517769E+000
 3.1807037945395260E+000
 3.1894152710083565E+000
 3.1909509521104131E+000
 3.1940675818836550E+000
 3.1955258755758380E+000
 3.1985039578967687E+000
 3.2013267844151261E+000
 3.2052807759185233E+000
 3.2070813370969087E+000
 3.2104243478371233E+000
 3.2108986377914617E+000
 3.2161269372880290E+000
 3.2197888684451832E+000
 3.2210726975315018E+000
 3.2312659535022181E+000
 3.2387939903358784E+000
 3.2413517029858876E+000
 3.2416063656044121E+000
 3.2416573637313246E+000
 3.2418770665341898E+000
 3.2418961915209361E+000
 3.2434904692623001E+000
 3.2442558075584200E+000
 3.2474366628856401E+000
 3.2520687005403026E+000
 3.2521429673139886E+000
 3.2561895062561885E+000
 3.2592770623260265E+000
 3.2600472729198442E+000
 3.2640033858961797E+000
 3.2647184449059630E+000
 3.2690475862214132E+000
 3.2703197257861256E+000
 3.2706897282444625E+000
 3.2728634423747098E+000
 3.2792635344668266E+000
 3.2873566018372995E+000
 3.2878223100800041E+000
 3.2878223100800041E+000
 3.2929081554579818E+000
 3.2978564622645901E+000
 3.2997634559505982E+000
 3.2998971683531688E+000
 3.3072490574041189E+000
 3.3108500837134693E+000
 3.3186418143490091E+000
 3.3188534305229713E+000
 3.3210852936838022E+000
 3.3231696104139354E+000
 3.3255009015920001E+000
 3.3262185325841194E+000
 3.3280937541687279E+000
 3.3299453178035390E+000
 3.3318812884057958E+000
 3.3391130383236498E+000
 3.3440708318150492E+000
 3.3510209077410016E+000
 3.3512553811142238E+000
 3.3514234665293063E+000
 3.3516910518539431E+000
 3.3576728436418191E+000
 3.3584244898332116E+000
 3.3587856489619847E+000
 3.3603095407531249E+000
 3.3636434557486163E+000
 3.3680959846096004E+000
 3.3692554631851963E+000
 3.3697998879767361E+000
 3.3708533657991024E+000
 3.3736946914970418E+000
 3.3760942756598098E+000
 3.3791671550914932E+000
 3.3791749758861536E+000
 3.3792709161653449E+000
 3.3803342230118818E+000
 3.3812786915228643E+000
 3.3849952913238761E+000
 3.3864845899908707E+000
 3.3894664219374748E+000
 3.3897504783468460E+000
 3.3897769443345585E+000
 3.3913063505351038E+000
 3.3941694946448475E+000
 3.3967074811029656E+000
 3.4060335638044665E+000
 3.4084664050261351E+000
 3.4097866884235968E+000
 3.4157657285834566E+000
 3.4177262099570838E+000
 3.4183259878338874E+000
 3.4220914823844040E+000
 3.4351931098257791E+000
 3.4411636980891336E+000
 3.4445246691166638E+000
 3.4531970712980820E+000
 3.4540666033738745E+000
 3.4547080291823584E+000
 3.4575367806543977E+000
 3.4608270139450821E+000
 3.4636212950300269E+000
 3.4652707225666828E+000
 3.4711985779251417E+000
 3.4722455814842794E+000
 3.4826531707867723E+000
 3.4835914012487614E+000
 3.4854620530166001E+000
 3.4932680599921118E+000
 3.4936263139283170E+000
 3.4937703277881211E+000
 3.4951429301904873E+000
 3.4953407166435300E+000
 3.5017904546916365E+000
 3.5040859860854487E+000
 3.5102543671634820E+000
 3.5130024472177581E+000
 3.5145597423406314E+000
 3.5183461569734260E+000
 3.5242200398947641E+000
 3.5269690627299868E+000
 3.5305987265583747E+000
 3.5307677222285849E+000
 3.5375492361275231E+000
 3.5404413901497054E+000
 3.5430233943219394E+000
 3.5430966850444889E+000
 3.5440190288829365E+000
 3.5468905933948403E+000
 3.5503948377552370E+000
 3.5518598447637411E+000
 3.5518598447637411E+000
 3.5519919050462723E+000
 3.5521510397415867E+000
 3.5533858023083362E+000
 3.5638313823845564E+000
 3.5640866664695747E+000
 3.5664268662833249E+000
 3.5698291326935050E+000
 3.5723822070244107E+000
 3.5745376437416145E+000
 3.5747238484711614E+000
 3.5763634041906407E+000
 3.5768862680778395E+000
 3.5769622851095746E+000
 3.5798495126539547E+000
 3.5835781145507637E+000
 3.5877121083144217E+000
 3.5904667620587492E+000
 3.5913249541500054E+000
 3.5919878857098477E+000
 3.5975616218141653E+000
 3.5985170444003520E+000
 3.6037419057626621E+000
 3.6041644682609508E+000
 3.6072163146547451E+000
 3.6075295808636354E+000
 3.6095108829439853E+000
 3.6112008188318376E+000
 3.6155141228455983E+000
 3.6185108172219720E+000
 3.6191091603460404E+000
 3.6197216090161541E+000
 3.6262914453518622E+000
 3.6311423327120904E+000
 3.6322287653505207E+000
 3.6336551174710214E+000
 3.6393214179554079E+000
 3.6407667315046770E+000
 3.6440032341208464E+000
 3.6440710698645908E+000
 3.6441275797635795E+000
 3.6442970989457502E+000
 3.6444492870040568E+000
 3.6479264610475131E+000
 3.6519664280575870E+000
 3.6529754019015779E+000
 3.6544144884437171E+000
 3.6574751787844306E+000
 3.6604782653348580E+000
 3.6608906253774625E+000
 3.6675737784641198E+000
 3.6697315968536164E+000
 3.6703664610291056E+000
 3.6707688584075036E+000
 3.6710555477697802E+000
 3.6793134632031510E+000
 3.6799924017243595E+000
 3.6806505432874115E+000
 3.6826141775184222E+000
 3.6830506967924772E+000
 3.6879785108340712E+000
 3.6891216506336955E+000
 3.6892370939803021E+000
 3.6894293197071431E+000
 3.6907069197539060E+000
 3.6999661905535337E+000
 3.7037389960250366E+000
 3.7080977307553553E+000
 3.7082391461372484E+000
 3.7101744781266150E+000
 3.7130877664096076E+000
 3.7131813324948388E+000
 3.7132292702369432E+000
 3.7136207411996569E+000
 3.7161839999116011E+000
 3.7203194363837602E+000
 3.7205131306087771E+000
 3.7229368101886200E+000
 3.7279396138938443E+000
 3.7280232970852780E+000
 3.7299505172749035E+000
 3.7309690062431713E+000
 3.7329808083065124E+000
 3.7357884465874909E+000
 3.7371635083248758E+000
 3.7399548257168371E+000
 3.7403794481383841E+000
 3.7410994035040344E+000
 3.7413232314229581E+000
 3.7418271291820822E+000
 3.7448686173113037E+000
 3.7455058782144119E+000
 3.7467463376518162E+000
 3.7481560703592263E+000
 3.7498867844050272E+000
 3.7518495844187911E+000
 3.7552878969852457E+000
 3.7556163062295012E+000
 3.7593810361919542E+000
 3.7669162942971015E+000
 3.7773929458775668E+000
 3.7777817509207297E+000
 3.7793401701178539E+000
 3.7797113723945204E+000
 3.7838321992374739E+000
 3.7839881425691573E+000
 3.7876568547560021E+000
 3.7948657570169422E+000
 3.7949073363303794E+000
 3.8015699834641108E+000
 3.8041346404698047E+000
 3.8059881442298837E+000
 3.8120485512890632E+000
 3.8163916563226024E+000
 3.8203690189430350E+000
 3.8241706048140047E+000
 3.8270881165785688E+000
 3.8280389753409518E+000
 3.8282316851593894E+000
 3.8296492682580729E+000
 3.8317823954220427E+000
 3.8326060294485607E+000
 3.8360317555665131E+000
 3.8382299557669133E+000
 3.8382698406096263E+000
 3.8384219472299894E+000
 3.8418277028358592E+000
 3.8435494207866454E+000
 3.8444693068877456E+000
 3.8445071164058686E+000
 3.8474614291599294E+000
 3.8568092336577529E+000
 3.8573592409654753E+000
 3.8583130251558910E+000
 3.8613576673428143E+000
 3.8633635130222239E+000
 3.8639558329294728E+000
 3.8643128125431274E+000
 3.8652239099103509E+000
 3.8667290038648146E+000
 3.8701532588489909E+000
 3.8721889471720576E+000
 3.8734892515056347E+000
 3.8797045171771281E+000
 3.8840217811993165E+000
 3.8855693223426258E+000
 3.8873132745469836E+000
 3.8873921265745204E+000
 3.8874562722231389E+000
 3.8922352103577227E+000
 3.8952003981739343E+000
 3.8952315313459378E+000
 3.8961396017752334E+000
 3.8983597974526165E+000
 3.8991588716969945E+000
 3.9003606709571446E+000
 3.9021353899278943E+000
 3.9045358362339058E+000
 3.9055598986197917E+000
 3.9060298698212246E+000
 3.9060969203800773E+000
 3.9071294285957792E+000
 3.9128037948165084E+000
 3.9132792935600138E+000
 3.9148917605075648E+000
 3.9164308110449220E+000
 3.9177083304538196E+000
 3.9196557200438074E+000
 3.9202741258648612E+000
 3.9234184739646487E+000
 3.9267936528503835E+000
 3.9280668936251906E+000
 3.9301267689887602E+000
 3.9331144879825612E+000
 3.9372695870452477E+000
 3.9375587919253316E+000
 3.9391285837497545E+000
 3.9408847683364403E+000
 3.9459029283177256E+000
 3.9529919800498088E+000
 3.9564618708760286E+000
 3.9576436103817563E+000
 3.9637083990148203E+000
 3.9641007948123383E+000
 3.9684910550556523E+000
 3.9726360679919641E+000
 3.9738751724572161E+000
 3.9761097706660773E+000
 3.9765206049721771E+000
 3.9765933389616843E+000
 3.9802892333024085E+000
 3.9812141226498334E+000
 3.9817954064559116E+000
 3.9833275715036396E+000
 3.9854714856662961E+000
 3.9857448682831165E+000
 3.9864854568833135E+000
 3.9919566406034614E+000
 3.9921395007002123E+000
 3.9921930390767049E+000
 3.9926620958863515E+000
 3.9935898365924412E+000
 3.9939698129197732E+000
 3.9962057846354604E+000
 3.9990589336833215E+000
 4.0024239559893253E+000
 4.0036205498697104E+000
 4.0037032635419258E+000
 4.0135626629463994E+000
 4.0181008312197068E+000
 4.0181008312197068E+000
 4.0189582833703259E+000
 4.0233032672073756E+000
 4.0261727820753848E+000
 4.0310002423737421E+000
 4.0331697999792127E+000
 4.0372933475633861E+000
 4.0373910998450819E+000
 4.0378860852646437E+000
 4.0434787815238531E+000
 4.0470739178181923E+000
 4.0477410679606738E+000
 4.0479293844047550E+000
 4.0494804948424310E+000
 4.0498829007463586E+000
 4.0515157249440277E+000
 4.0529930796096405E+000
 4.0553570155809648E+000
 4.0555809374719498E+000
 4.0602645118538563E+000
 4.0608975658743658E+000
 4.0610424841716171E+000
 4.0659628344468715E+000
 4.0679603684235790E+000
 4.0695771722361895E+000
 4.0708893640835635E+000
 4.0715483025323751E+000
 4.0724213827116085E+000
 4.0761763399928492E+000
 4.0767189501358061E+000
 4.0788247411595329E+000
 4.0788324264628235E+000
 4.0799508648954168E+000
 4.0802197855981630E+000
 4.0805096218282140E+000
 4.0898448021014042E+000
 4.0947533954053208E+000
 4.0960805081524354E+000
 4.0982616206327709E+000
 4.0989215688246432E+000
 4.1003998317343777E+000
 4.1019526635838961E+000
 4.1024005169671227E+000
 4.1036065677728120E+000
 4.1053542607363420E+000
 4.1058675602412116E+000
 4.1094444856055032E+000
 4.1103039756687343E+000
 4.1109161025079137E+000
 4.1116686350108189E+000
 4.1142376535180007E+000
 4.1175297070634445E+000
 4.1193418138865523E+000
 4.1222578745417975E+000
 4.1229083905936346E+000
 4.1243293726051755E+000
 4.1256415135084596E+000
 4.1296903907881530E+000
 4.1321901308167366E+000
 4.1323639666300567E+000
 4.1338030677614261E+000
 4.1397988949064732E+000
 4.1419205094818095E+000
 4.1420931203791733E+000
 4.1448472919471477E+000
 4.1487693132189527E+000
 4.1488576662547265E+000
 4.1494368924124476E+000
 4.1569345166642258E+000
 4.1605655570091082E+000
 4.1624592638267597E+000
 4.1628194999879726E+000
 4.1630175311592241E+000
 4.1655496401391234E+000
 4.1679965312641523E+000
 4.1696663944138805E+000
 4.1696997236658548E+000
 4.1707895604756455E+000
 4.1708921272757111E+000
 4.1716611304077214E+000
 4.1729026609065514E+000
 4.1825513602977784E+000
 4.1835636952482087E+000
 4.1856354491595917E+000
 4.1870314161837259E+000
 4.1901027663072634E+000
 4.1906126574283142E+000
 4.1917964201211584E+000
 4.1976277653669829E+000
 4.1990541556645420E+000
 4.1996600926553995E+000
 4.2017099912483165E+000
 4.2020031180077710E+000
 4.2025087408600585E+000
 4.2097448189122888E+000
 4.2099531241709194E+000
 4.2112156894925841E+000
 4.2134113484856321E+000
 4.2138861239283507E+000
 4.2177620321445533E+000
 4.2195686129613410E+000
 4.2196199804034471E+000
 4.2229980272414132E+000
 4.2243237550602393E+000
 4.2262725011368909E+000
 4.2288325701369471E+000
 4.2295183600882060E+000
 4.2308683038650541E+000
 4.2350270474851399E+000
 4.2408432616272274E+000
 4.2417641346255097E+000
 4.2427036854980393E+000
 4.2428851540574026E+000
 4.2503728132553631E+000
 4.2533323856428131E+000
 4.2554001799252648E+000
 4.2577950287763437E+000
 4.2585778219032298E+000
 4.2595164999784823E+000
 4.2627487179058399E+000
 4.2669858765363244E+000
 4.2690499963573894E+000
 4.2705524772043155E+000
 4.2735941427709268E+000
 4.2746743537062333E+000
 4.2801500809701212E+000
 4.2901504316265928E+000
 4.2908200941846673E+000
 4.2966170082365096E+000
 4.2991914826136197E+000
 4.3019799224167929E+000
 4.3088783903833434E+000
 4.3103353726800462E+000
 4.3123997585924831E+000
 4.3157781193691704E+000
 4.3202218249331681E+000
 4.3220845622058324E+000
 4.3270297364690524E+000
 4.3286563684965405E+000
 4.3291586849360577E+000
 4.3295715890849520E+000
 4.3358930735528984E+000
 4.3364564995115646E+000
 4.3364863223060235E+000
 4.3366677134768192E+000
 4.3368253725490193E+000
 4.3384428507538209E+000
 4.3394939874109353E+000
 4.3477540585563359E+000
 4.3497425349996615E+000
 4.3543130901131253E+000
 4.3648809007016327E+000
 4.3673591794155948E+000
 4.3691115682298207E+000
 4.3694179533524045E+000
 4.3710112337861231E+000
 4.3713828857802772E+000
 4.3761905177838525E+000
 4.3769907130253021E+000
 4.3786445508748182E+000
 4.3819734913233077E+000
 4.3893843109201987E+000
 4.3894106285407313E+000
 4.3895232077905106E+000
 4.3961734634607099E+000
 4.3962066142251555E+000
 4.4006519643750988E+000
 4.4018102478913210E+000
 4.4097395644416855E+000
 4.4113379805039896E+000
 4.4120067390605193E+000
 4.4123231741185451E+000
 4.4130218882421559E+000
 4.4131892017567704E+000
 4.4141290618627620E+000
 4.4161491322906956E+000
 4.4189155539583345E+000
 4.4202962768379006E+000
 4.4247529546959194E+000
 4.4359557087081116E+000
 4.4409270808801562E+000
 4.4460801866325719E+000
 4.4474138685830820E+000
 4.4495128631245855E+000
 4.4515400150287947E+000
 4.4626856984803549E+000
 4.4687881067009263E+000
 4.4695193770196946E+000
 4.4779741968084235E+000
 4.4786682168113625E+000
 4.4893754568665170E+000
 4.4899202140351147E+000
 4.4947350616693713E+000
 4.4986670574638579E+000
 4.5048540555000418E+000
 4.5064162896023419E+000
 4.5088582797801902E+000
 4.5095612166251113E+000
 4.5110979597320053E+000
 4.5232318185384939E+000
 4.5275258083432606E+000
 4.5283342979828483E+000
 4.5335060243144838E+000
 4.5388212925215665E+000
 4.5414024945146094E+000
 4.5439946806156337E+000
 4.5483155053306055E+000
 4.5494338449850442E+000
 4.5507214046137205E+000
 4.5566140622886149E+000
 4.5598443202884180E+000
 4.5624782656421292E+000
 4.5738341954719424E+000
 4.5759856894607784E+000
 4.5786422875148123E+000
 4.5839238864921601E+000
 4.5863764360509389E+000
 4.5872870122657528E+000
 4.5892230948661261E+000
 4.5931548026260884E+000
 4.5974105017431341E+000
 4.5999028174298173E+000
 4.6060812043348749E+000
 4.6069237782574302E+000
 4.6075300164620741E+000
 4.6145621669478603E+000
 4.6146040557092967E+000
 4.6262893482804177E+000
 4.6302549456525881E+000
 4.6315082343982112E+000
 4.6326076967461249E+000
 4.6396598010638233E+000
 4.6399887353301388E+000
 4.6463709579828310E+000
 4.6496471178094287E+000
 4.6528955331222734E+000
 4.6531186558494646E+000
 4.6546555490846995E+000
 4.6613674566533696E+000
 4.6675396352935543E+000
 4.6697389511250575E+000
 4.6746506618435584E+000
 4.6788208784390983E+000
 4.6829336884304862E+000
 4.6836885247267386E+000
 4.6841100970610894E+000
 4.6857648782795529E+000
 4.6931424906986328E+000
 4.6958655098170929E+000
 4.7042739941874663E+000
 4.7054104634131058E+000
 4.7062530769325841E+000
 4.7171288945958612E+000
 4.7176604967215576E+000
 4.7185354260419921E+000
 4.7234775519816976E+000
 4.7251086802836868E+000
 4.7254590493558331E+000
 4.7307594838583285E+000
 4.7349387279148649E+000
 4.7366889360325164E+000
 4.7376135994048587E+000
 4.7422832053087536E+000
 4.7495210046668932E+000
 4.7621597671471259E+000
 4.7633982071937346E+000
 4.7702366478706670E+000
 4.7742806661721149E+000
 4.7755635073933691E+000
 4.7800971412922140E+000
 4.7829685405448528E+000
 4.7847880852406508E+000
 4.7878340184625774E+000
 4.7905930338811844E+000
 4.7909977834812736E+000
 4.7920888270827309E+000
 4.7937363383596425E+000
 4.7975067302435317E+000
 4.7993392192217073E+000
 4.8004278244403400E+000
 4.8031747345966256E+000
 4.8038659737024751E+000
 4.8047412177959767E+000
 4.8092406273732129E+000
 4.8123095128438074E+000
 4.8145573232752632E+000
 4.8179518648533701E+000
 4.8188626324042092E+000
 4.8191888208525437E+000
 4.8199083454583818E+000
 4.8204266398454614E+000
 4.8255979012409673E+000
 4.8315298873879389E+000
 4.8317267469530982E+000
 4.8342331882298559E+000
 4.8374315342839322E+000
 4.8437241811221847E+000
 4.8451168326311027E+000
 4.8457827349500233E+000
 4.8466594825325178E+000
 4.8490814736866925E+000
 4.8506929911790699E+000
 4.8514017080301066E+000
 4.8518590339271856E+000
 4.8538450136266951E+000
 4.8541929195204894E+000
 4.8556260769752120E+000
 4.8668748540029023E+000
 4.8715425705013606E+000
 4.8717497943353072E+000
 4.8728022097546777E+000
 4.8750817588127928E+000
 4.8825689502306027E+000
 4.8829737500646528E+000
 4.8859081704295155E+000
 4.8859536404500918E+000
 4.8867113090405230E+000
 4.8940803821919943E+000
 4.8942670464844822E+000
 4.8958849844768233E+000
 4.8967167394035753E+000
 4.8968721548233143E+000
 4.9023901753981374E+000
 4.9053877981968386E+000
 4.9110776258637339E+000
 4.9140920674515902E+000
 4.9187066037056661E+000
 4.9228461046713656E+000
 4.9231760363307444E+000
 4.9236928832764191E+000
 4.9357065125962256E+000
 4.9420922972611399E+000
 4.9425443364446293E+000
 4.9539201410902738E+000
 4.9577571464664683E+000
 4.9580193192716564E+000
 4.9580847597263844E+000
 4.9629784698693982E+000
 4.9672097939229429E+000
 4.9765894517021749E+000
 4.9803083216240438E+000
 4.9838980353651881E+000
 4.9858464665924584E+000
 4.9904600371032082E+000
 5.0024506148138066E+000
 5.0059336295019143E+000
 5.0110395953601152E+000
 5.0114484389682517E+000
 5.0155913544288726E+000
 5.0194044857988356E+000
 5.0201527815614098E+000
 5.0225441706536120E+000
 5.0245492298229575E+000
 5.0321751828576078E+000
 5.0369863998545874E+000
 5.0404309701924213E+000
 5.0472498278496589E+000
 5.0502315231213153E+000
 5.0541634688985351E+000
 5.0634546888488607E+000
 5.0655107288129733E+000
 5.0655997226654152E+000
 5.0659756128510054E+000
 5.0705898852857265E+000
 5.0713168475044510E+000
 5.0778133983227871E+000
 5.0885336911943773E+000
 5.0909093092348332E+000
 5.0952338062100688E+000
 5.1011512641804995E+000
 5.1056224957157257E+000
 5.1059222985052841E+000
 5.1186506659458324E+000
 5.1322871450495100E+000
 5.1356721161356544E+000
 5.1543585621262462E+000
 5.1611600835523452E+000
 5.1652834209562011E+000
 5.1701360148694153E+000
 5.1713999658024798E+000
 5.1714531303198301E+000
 5.1779918339649891E+000
 5.1824918382260368E+000
 5.1852701970517447E+000
 5.1926412785065130E+000
 5.1930267662179279E+000
 5.2006038738958420E+000
 5.2006157325890303E+000
 5.2007258295432068E+000
 5.2101558575339677E+000
 5.2142083215355486E+000
 5.2230172930689012E+000
 5.2365717272474610E+000
 5.2540533808715386E+000
 5.2552201625610646E+000
 5.2714145761214590E+000
 5.2729936970684044E+000
 5.2735848720422540E+000
 5.2770889889132171E+000
 5.2848949014368722E+000
 5.2986705795630691E+000
 5.3050953716196654E+000
 5.3244043869766546E+000
 5.3256462686805737E+000
 5.3279229159065240E+000
 5.3568583731273867E+000
 5.3700709531988053E+000
 5.3877685300209581E+000
 5.3905146677326368E+000
 5.4063036272064453E+000
 5.4129233947693223E+000
 5.4341243913364483E+000
 5.4342400370930077E+000
 5.4370200900595878E+000
 5.4435968046796397E+000
 5.4486762489481935E+000
 5.4497500231002087E+000
 5.4675265304781409E+000
 5.4702747620317069E+000
 5.4769561352327329E+000
 5.4844281665740029E+000
 5.4908862663839777E+000
 5.4938968890237510E+000
 5.4955321587165882E+000
 5.5095392087125949E+000
 5.5100001449051037E+000
 5.5118725298822788E+000
 5.5178697085778863E+000
 5.5428551230542364E+000
 5.5523319516267691E+000
 5.5540117047295059E+000
 5.5581916283267310E+000
 5.5641742131240957E+000
 5.5701010509839231E+000
 5.5702462611018788E+000
 5.5783153775519070E+000
 5.5804932152734468E+000
 5.6030702446179577E+000
 5.6052245935556426E+000
 5.6184922151469010E+000
 5.6191795650581877E+000
 5.6199310990528470E+000
 5.6278827343534790E+000
 5.6365974946470931E+000
 5.6367781784998376E+000
 5.6373331048998816E+000
 5.6410686909147705E+000
 5.6424035800877768E+000
 5.6464437981493480E+000
 5.6857659987526619E+000
 5.6866967923333300E+000
 5.6874270490714123E+000
 5.7046886549489928E+000
 5.7100907796985769E+000
 5.7106722135788397E+000
 5.7155985616322695E+000
 5.7228714630971682E+000
 5.7239335844086359E+000
 5.7263545508653522E+000
 5.7318724448900200E+000
 5.7363083766694327E+000
 5.7490043476104562E+000
 5.7610872453703950E+000
 5.7798182543219134E+000
 5.7817323848251547E+000
 5.7856103850365885E+000
 5.8385431736128099E+000
 5.8385445392304041E+000
 5.8409686128589167E+000
 5.8531817484251905E+000
 5.8701900577088439E+000
 5.8824331538941923E+000
 5.8841704612019097E+000
 5.8918309042267349E+000
 5.8984241554519414E+000
 5.9193140691343453E+000
 5.9222304037289693E+000
 5.9355497267237123E+000
 5.9423690276067020E+000
 5.9565110447271286E+000
 5.9588156417790525E+000
 5.9843791797083536E+000
 5.9845358006519920E+000
 6.0040996030620271E+000
 6.0081242833201669E+000
 6.0084799230895563E+000
 6.0124971293940943E+000
 6.0816062918009228E+000
 6.0972472723706890E+000
 6.1061184120821519E+000
 6.1205016254883198E+000
 6.1354770881411156E+000
 6.1647899991893116E+000
 6.1679737601037115E+000
 6.1826478142386305E+000
 6.1971904846718164E+000
 6.2000791416412007E+000
 6.2052958670897436E+000
 6.2107878438162940E+000
 6.2222466382993247E+000
 6.2451959548622540E+000
 6.2494428290746500E+000
 6.2533951668903178E+000
 6.2793734093134654E+000
 6.2960589009743204E+000
 6.3054948186859106E+000
 6.3086792539947885E+000
 6.3160899735023790E+000
 6.3579944259130867E+000
 6.4036309639178794E+000
 6.4085281565759251E+000
 6.4434586088450709E+000
 6.4473855865304861E+000
 6.4611509620425807E+000
 6.4696885615059454E+000
 6.4902129573582865E+000
 6.4939904314151145E+000
 6.4950531053177070E+000
 6.5200315588814375E+000
 6.5713582945775757E+000
 6.5884988612728241E+000
 6.6432367067857800E+000
 6.6760016246033000E+000
 6.6760639691645505E+000
 6.7304313075346638E+000
 6.7491061759076532E+000
 6.7768192729202523E+000
 6.8167532007082654E+000
 6.9647933367678281E+000
 6.9835321193312474E+000
 7.0160219033813265E+000
 7.0777261058158185E+000
 7.3358316780014503E+000
 7.3383761852413247E+000
 7.3749569180811037E+000
 7.3871621718802700E+000
 7.4234414685609043E+000
 8.7847333935873486E+000
 9.4894870976092136E+000
 9.6332587781952164E+000
 1.1079291255720488E+001
 1.2166304946783324E+001
 1.2562990941523744E+001
 1.2859465897843355E+001
 1.3784912433593449E+001
 1.3904347287817494E+001
 1.4084584443019393E+001
1107
 2.2821126131105768E-001
 4.7415557480796350E-001
 0.0000000000000000E+000
 0.0000000000000000E+000
 4.8891560493544407E-002
 0.0000000000000000E+000
 2.2259012411731485E-001
 1.7643127419102689E+000
 7.3770367010348237E-001
 4.9902672940975892E+000
 1.7124485601583119E+000
 2.0613789835990651E-001
 4.9279622492460834E-001
 3.9090899530931217E-001
 8.1096267187794358E-001
 0.0000000000000000E+000
 6.9221419886563691E+000
 3.0323378852615477E+000
 1.4422259065560963E+000
 2.1048441014972613E-001
 1.5304205206804138E+000
 1.6446294979324956E+000
 6.9324757048463648E-001
 5.0534473812965575E-001
 1.0152343056285469E+000
 5.0358441824553646E+000
 6.6371569139103870E-001
 2.3840143348320466E+000
 3.1450596355521738E+000
 5.5240327007876611E-001
 3.2234030126629492E+000
 8.6926618594719562E-001
 6.2005813561052809E+000
 4.4333698789884822E-002
 9.8695657144613840E+000
 0.0000000000000000E+000
 4.9055272908154368E+000
 1.9842646534352772E+000
 4.3936103526531774E+001
 5.3136376006947128E-001
 1.1775788194073808E+001
 4.0747622242737096E+000
 3.9364937207873365E+000
 3.8720470119456984E+000
 5.2753720101439345E+000
 1.3975761132952380E-001
 3.4274761761205208E+000
 0.0000000000000000E+000
 1.2615799544227581E+001
 7.5780500806413253E-001
 4.3586105084085807E+000
 1.2054432599755252E+001
 0.0000000000000000E+000
 1.5320510886268850E+000
 1.1862764308721330E+000
 1.1320846561935339E+001
 1.0208766430350217E+001
 2.4592956810868749E+000
 4.2832200415466044E+000
 3.4169004774642153E-001
 4.0155291519227525E+000
 4.2884812167986291E-001
 2.7750507942474325E+000
 1.9265006911170195E+000
 1.4441483363783549E+001
 1.5412387170710395E+000
 6.8980867611228449E+000
 6.5738259077061683E+000
 8.9136317801731590E-002
 1.5429024527582310E+001
 9.2387846540346796E+000
 3.6699715026729560E+000
 3.3921721122332200E+000
 1.0742889773347519E+001
 2.2150229221627322E+000
 1.7395707650158398E+000
 4.5475589924981028E+000
 1.8738941245486809E-001
 5.0367180392990587E+000
 3.2742993928672193E+000
 4.5873774527728628E+000
 7.1432284906796513E+000
 3.3326457597456187E+000
 1.2156924721272224E+000
 8.2648573651293837E+000
 7.7985553664844911E+000
 8.4998110713625312E+000
 1.1173744012741491E+001
 8.5662704003419954E+000
 1.4360426831857362E+001
 6.6318693878956516E+000
 1.1164148020632788E-002
 2.3214926597705450E+000
 2.1089706754045516E+000
 6.9124374305783229E+000
 5.8564341384579270E+000
 8.5805869971547324E+000
 6.2735508018974748E+000
 5.0342311090184646E+000
 1.0554555610111777E+001
 4.2832200415466044E+000
 1.2736661036773921E+001
 2.0602867985087929E+000
 1.9467246030175833E+000
 2.8860251441831184E+000
 8.4047206178922771E+000
 5.7192421221673817E-001
 1.1320815390291877E+001
 7.3170533801843085E+000
 0.0000000000000000E+000
 7.8266061889965299E-001
 1.0982216622596507E+001
 8.4927255262727563E-001
 6.2382932156144024E+000
 1.8225917003666374E+000
 1.1676854642752119E+001
 2.2980470052717505E+000
 1.3213114443162201E+001
 5.8563676243634788E+000
 1.6594197703830943E+001
 6.2013158262729018E+000
 1.4674864503584802E+001
 8.8407417777837516E+000
 1.7616850954659654E+001
 1.5799921044170683E+001
 3.2179274066753623E+000
 1.0587058837217402E+001
 8.4698199193294990E+000
 4.0459196099413681E+000
 3.9401483195526312E+000
 5.4122830908706208E+000
 1.6969775630628323E+000
 1.8250356445262850E+000
 8.1985287089314998E+000
 6.3344003481844924E+000
 1.1530517248654887E+001
 1.7852179705784053E+000
 2.6517978937683971E+001
 9.9550927275193644E+000
 6.4907899492949923E+000
 1.1481736040609498E+001
 7.4503592098023361E+000
 5.1916980459730810E+000
 2.0238578032373844E+001
 7.9588124670224571E+000
 9.1185908287970996E+000
 5.0901608481041887E+000
 7.3929581918812257E+000
 1.1018875225420214E+001
 3.4593651483438119E+000
 5.8803452848860607E+000
 4.8668787751040083E+000
 3.6067228933183584E+000
 1.1635474661104753E+001
 1.8725882635829345E+000
 1.0761802161662539E+000
 3.8458362587122759E+000
 7.2521093400454415E+000
 3.4664413955471787E+000
 1.3305564914361890E+001
 8.7312978648169148E-001
 1.4140556668883516E+001
 1.1802726530527709E+001
 4.1667942055546350E+000
 1.1342332368984836E+001
 6.1238396096568222E+000
 1.3305904552940390E+001
 1.3744989847985392E+001
 2.9707984213079701E+001
 1.1954312022797096E+001
 1.0231141934415017E+001
 2.9859254348931376E+001
 6.2575960180799415E+000
 2.4210958795270825E+000
 1.3782928184107817E+001
 1.2929061209006269E+001
 1.9492701429938720E+001
 1.6111865622343981E+001
 1.6547094556428533E+001
 9.9467527052543243E+000
 1.6570531836430156E+001
 1.1312942672424739E+001
 4.6302468244221746E+000
 4.0087065748432806E+000
 1.0804495220838760E+001
 2.8944751732594605E+000
 3.0754876249245551E+000
 2.8951154368552148E+000
 1.1883507825996585E+001
 6.9533254581084458E+000
 2.9986976919762100E+001
 4.4012951451783984E+000
 2.1671483367833957E+001
 1.9577190158854858E+001
 1.6271153726981144E+001
 2.0288361074217349E+001
 3.0499635386284783E+001
 1.2683631819739109E+001
 6.5644697817820905E+000
 1.7716237847120131E+000
 1.5341814435123720E+001
 1.6759301357995082E-001
 9.4494291524206631E+000
 7.3356626022357529E-001
 1.4924487461229329E+001
 1.1440368493939990E+000
 1.2521784508182447E+001
 1.4852171423917495E+000
 7.8757262724937027E-001
 1.5150531061806729E+001
 1.9476893948157525E+001
 1.6816979898603325E+001
 1.5328260637008697E+001
 4.0508516141908402E+000
 1.1733584308707046E+001
 9.3819755589357463E+000
 3.4093839511143464E+001
 9.4489952089031402E+000
 8.6836843965361588E-001
 6.7599510212765859E+000
 4.4799194280840364E+000
 4.0488498351652478E+000
 1.7978514438388192E+001
 1.9433301739654826E+001
 8.0506933542547472E+000
 7.1295790515183399E-001
 3.0407599751110983E+001
 2.7826292732019596E+001
 4.0189075026863961E+001
 7.1671033080538846E+000
 2.0052288425231009E+001
 1.0432832716292539E+001
 1.9636696893512999E+000
 1.8588590756111103E+001
 5.7773764555254159E-001
 1.4657006026933887E+001
 2.3707844165267580E+000
 1.1434438195994009E+001
 2.0945478982660184E+001
 2.7064316947780935E+000
 1.6821066058970111E+001
 5.6597726715507770E+000
 1.3472625036193476E+001
 7.5278286539280694E+000
 2.4832497735046182E+001
 1.2487712752276659E+001
 1.7357893203262016E+001
 2.4749656262984011E+001
 8.3172128449442706E+000
 1.9019951440573255E+001
 1.3517625210729083E+001
 1.8753235829938347E+001
 3.4028415458227101E+000
 9.7415756556148008E+000
 2.0635496428428599E+001
 1.3168796549247052E+001
 8.2140939299775475E+000
 5.5065235527837384E+000
 8.4489424380981344E+000
 3.6381567082201927E+000
 6.1310113015663177E+000
 6.4064994592228599E+000
 1.6949209200576171E+001
 2.3719007803636401E+001
 1.6139577515103266E+001
 8.3389037320890758E+000
 1.6090916897100220E+000
 2.4534042009595520E+001
 5.8812878641812478E+000
 1.3820258610969285E+001
 1.8447677636936586E+001
 3.0333268811830809E+001
 7.6971395117655241E+000
 7.3438224684626965E+000
 4.0149943691596150E+001
 4.1422381981226959E+000
 1.8587929876215853E+001
 1.9656747677903670E+001
 1.7429892660946738E+001
 1.6734862900040881E-001
 1.4241191295502073E+001
 2.3677276648777283E+000
 1.4913634433104951E+001
 2.8173733274350612E+000
 1.0848980662961058E-001
 1.4890433545009946E+001
 3.0174016503157183E+001
 1.7033700005352461E+000
 1.0091381781541822E+001
 1.7322032384009585E+001
 4.6822752807005628E+001
 2.2202970278977762E+001
 7.8161272020975012E+000
 1.1247424243174178E+001
 9.0638143744020283E+000
 1.6006162420006518E+001
 1.5005580459815777E+001
 2.3781246921112874E+001
 3.1051363989881207E+001
 1.2337007639634511E+001
 1.6985713650273585E+001
 1.4533138946165598E+001
 2.4936703701688270E+001
 7.3200817593186445E+000
 1.0867735522184581E+001
 1.6065266876687276E+000
 2.5713616377247437E+001
 3.1793306000705950E+001
 1.7166519742919808E+000
 7.7569696524794951E-001
 7.0400078748196426E+000
 1.4968442900758276E+001
 2.0073782235160472E+001
 2.3076725728905569E+001
 1.3030069499701630E+001
 1.6034054216747393E+001
 7.6537606999143657E+000
 1.2369120750155345E+001
 6.4951289763294264E+000
 2.6296995779869938E+001
 1.4842570120530217E+001
 2.7981956679109924E+001
 9.2635892487995690E+000
 2.9154837441211281E+001
 4.8331580750070799E+001
 1.0747686091030998E+001
 2.7083044456832615E+000
 2.0897544176551261E+001
 3.0141858893602982E+000
 2.1377152382519398E+001
 1.8934050799357795E+001
 1.0045194243221696E+000
 3.5813972320215548E+000
 3.1391099078160888E+001
 1.6813820723478710E+001
 6.8691586306671599E+000
 1.7983399286698802E+001
 3.6252915334040047E+001
 1.4779465365108326E+001
 3.6337971804602351E+000
 6.7112845478014762E+000
 2.6186635364055213E+001
 2.6438325600245580E+001
 2.0692711287382277E+001
 2.8883815842979633E+001
 2.1160005318625092E+001
 1.5408378784900169E+001
 8.7830677991339829E+000
 7.0139829149289774E+000
 1.7042485299561694E+001
 1.6739955974717404E+001
 2.8886654382253770E+001
 2.1982632637701254E+001
 3.1915062777733571E+001
 6.0036298915792736E+000
 3.8343206681215982E+001
 2.2448814957430812E+001
 4.7007914358648994E+000
 9.4762900138518891E+000
 1.3100454915160288E+001
 1.0024826304365382E+000
 6.5909918965343661E-001
 4.6438478412950239E+000
 1.8166558253823922E+001
 6.3495327896484381E+000
 1.7649039944670235E+000
 1.9974309779531112E+001
 3.1120104357741596E+001
 1.8454288815501716E+001
 2.9555399481312868E+001
 8.0368115054987204E+000
 4.7436030615932431E+001
 3.8509803494505270E+001
 3.4975771500664123E+001
 5.4491857447187870E+000
 2.0601850907813684E+001
 2.1258952197300324E+001
 1.2897526709704074E+001
 1.4728562468338002E+000
 1.4200038661406669E+001
 5.3563087644584231E+000
 2.0612974208357254E+001
 1.2492621951298281E+001
 3.7813794169681969E+001
 6.4712638478810325E+000
 2.1876689248403580E+000
 2.0375143296463577E+001
 1.4521122935250158E+001
 1.8273809631437487E+001
 3.3720321889879884E+001
 3.2710400379023504E+001
 2.9882668624557180E+001
 2.1546731605745983E+001
 5.2352372424041231E+000
 3.5856124000595933E+000
 1.6406711189958997E+001
 2.8359458681894235E+001
 2.6187134993853824E+001
 2.4833691971199240E+001
 9.8770301499797437E+000
 3.4967856088522753E+000
 3.5697446291000006E+001
 1.6537945565146011E+001
 3.3775312125397853E+001
 1.6059812645434867E+001
 1.1598604949378432E+001
 2.0841647384150392E+001
 1.9595852944051178E+001
 7.1649249749249870E+000
 1.2910251413513162E+001
 1.7209627969243119E+001
 1.4529129371178115E+001
 7.5711684735915590E+000
 2.2535724448918170E+001
 1.1614533892976080E+001
 1.6336263302156425E+001
 1.0672418951467904E+001
 2.7840580673351276E+001
 2.0573387693603376E+001
 1.5858499547505335E+001
 7.0658424193244169E+000
 1.1528362988423575E+001
 6.2112161609726444E+000
 7.6433332330207504E+000
 3.0836203001166100E+000
 3.2229186527728949E+001
 3.7572262796090705E+001
 1.1272131823782686E+001
 7.1687217393015681E+000
 2.9555781293767705E+001
 3.3048121661242824E+001
 5.7604650867596918E+000
 6.1707397775301578E+000
 8.0275814091687732E+000
 3.2090077322476084E+001
 3.5048739905894827E+001
 3.5683643973339414E+001
 1.8404881704173089E+001
 3.3657363143498124E+001
 1.3172072991256572E+001
 6.8598566575670734E+000
 2.4964667442103532E+000
 1.6760636383155358E+001
 1.0821547576420711E+001
 3.5856216514312564E+001
 2.2213149979393943E+001
 4.3306615491764440E+001
 2.0792970939893273E+001
 1.8181719226439238E+001
 1.3517625210729083E+001
 1.3862562076232201E+001
 9.6361302265008320E+000
 2.6487948704432796E+001
 3.5753367633468955E+001
 1.0698198013504989E+001
 1.0085869809702098E+001
 9.4392014026023467E+000
 2.7237627776029253E+001
 1.0757840848073224E+001
 3.0389103941414728E+001
 3.8430438596961070E+000
 3.1428053030091142E+001
 2.0830882347886252E+001
 1.5763009055460705E+001
 1.5573693053522820E+001
 7.8892962836395606E+000
 1.0745699497845203E+001
 3.3881628265613863E+001
 1.6739627828135600E+001
 4.6150482306934864E+000
 1.7366144243964139E+000
 2.2442873417636001E+001
 3.2794247214094625E+001
 2.6160944885629259E+001
 1.7685534322922940E+001
 3.4967330637745675E+001
 1.4535351722848629E+001
 1.3903362131708739E+001
 3.9429041650595202E+001
 2.8554669625049335E+001
 1.9670041915075597E+001
 8.1344508364155477E+000
 2.2700231408432778E+001
 2.0806510968144636E+001
 1.4030357538796018E+001
 7.8206001702122272E+000
 1.7219538688856488E+001
 2.5787455347505322E+001
 1.3766315717348192E+001
 1.2248463634320132E+001
 3.7677257837684962E+001
 1.7835536415640256E+001
 1.8763982124894496E+000
 0.0000000000000000E+000
 3.0904323883556597E+001
 3.6251020460753345E+001
 1.8454288815501716E+001
 1.1817970011357291E+001
 9.9319500894903552E+000
 1.6753748215903101E+001
 4.7713921469605189E+000
 1.6846251227088771E+001
 3.8959857515957959E+000
 3.4349855814631192E+000
 3.4191096189440096E+001
 6.2303001754411091E-001
 2.5112806454971941E+000
 2.9657394543792780E+001
 1.8033180427651992E+001
 7.2671226859690448E+000
 4.1691456630597770E+001
 1.6806952213040333E+001
 1.3802408894758631E+001
 7.3260345189818086E+000
 3.2836662362018025E+001
 2.3754708508907470E+001
 1.0268018873490949E+001
 3.9880268190773198E+000
 2.9728749635174360E+001
 2.8958031061902435E+001
 1.0825679085569714E+001
 1.0748906743935729E+001
 2.8818553112386553E+001
 1.5370615536284948E+001
 2.5350255560794704E+001
 2.5500348760807081E+000
 1.0164667514860804E+001
 2.8657362755066269E+000
 1.1277393786500451E+001
 3.0370617942970849E+001
 4.8101497233721439E+001
 3.8223723581540902E+001
 2.3241197670842372E+001
 3.9682373821175979E+001
 1.9454260884607073E+001
 3.0976226059736270E+001
 2.8402613530486150E+001
 1.7647543949250274E+001
 4.9168759667894362E+000
 2.5290491929641309E+001
 4.6768791449921196E+001
 7.1065433682960402E+000
 3.4264470296422043E+000
 2.3708334801148645E+001
 1.4499481596329721E+001
 2.2020032705279938E+001
 2.9895122095598534E+001
 2.5583251914585048E+001
 2.6537679109274683E+000
 3.2292538378138389E+001
 1.3223694714272927E+001
 2.7194235111644758E+001
 1.7350278497193219E+001
 1.2705484620892532E+001
 1.3108526997864305E+000
 1.1024524233097130E+000
 1.1783894307513698E+001
 1.2274727640302537E+001
 1.0877342692889407E+001
 1.0803015011597214E+001
 1.6658854924425611E+001
 4.0792210335714103E+001
 1.6644837013211184E+001
 2.3695347393439079E+001
 3.8330325290319953E+000
 3.3039621027441768E+001
 7.6355846431242878E+000
 1.5808762759725793E+001
 1.4056098868108174E+001
 3.4095209984034710E+001
 4.9880203729135379E+000
 2.9728339810659129E+001
 3.8955916433388914E+001
 2.2435767740803900E+001
 1.7816598540011196E+001
 3.1260981500391711E+001
 6.7380287232718139E+000
 1.0026109359645829E+001
 4.6888002711046497E+001
 4.7081490489063363E+001
 4.2951273062146651E+000
 1.1456954601354020E+001
 4.3360155071376234E+001
 2.9196068557647440E+001
 2.4711860120305744E+001
 3.9836630629600258E+001
 3.2578858828791120E+000
 9.7357999046440891E-001
 4.3153305910995911E+001
 3.4236968241462137E+001
 6.9969152551289158E+000
 3.7273727344340024E+001
 1.0528932551052021E+001
 4.7394299425937319E+001
 1.0295146352287409E+001
 4.2392514305408735E+000
 1.6537621460125681E+001
 3.3326630562553554E+001
 7.8435838737214745E+000
 1.5835764002397896E+001
 3.0973347205601240E+001
 3.4003172453673280E+001
 3.4418276264286170E+001
 7.6811474907513766E+000
 4.1736904218712255E+001
 1.6539931741395577E+001
 1.1218759166465773E+001
 7.6671690547540621E+000
 3.2337259315211071E+001
 2.4812844478858924E+001
 1.6034054216747393E+001
 2.3194638753371407E+001
 1.3300658919454497E+001
 3.8171691869897323E+001
 1.1031784363321249E+001
 3.2621837601725886E+001
 9.2450868074158343E+000
 3.5722441888708808E+001
 1.1179491101025222E+001
 4.5698482685691815E+000
 1.3089832073616595E+001
 4.5938841126187249E+001
 2.4411339454251586E+001
 7.4117947363345440E+000
 3.8499824873648677E+001
 1.0002485923499419E+001
 1.3603198722914319E+001
 4.2991996365525459E+001
 4.8334649821224517E+001
 1.8592526192390451E+001
 1.0960477150903175E+001
 3.4311895887585067E+001
 2.8686068187815710E+001
 1.8404550484532951E+001
 3.9040016095255190E+000
 3.6943743194948880E+001
 4.1599445569845066E+001
 4.4107951601203631E+001
 1.5342611410174321E+001
 3.2948801444330279E+001
 7.2242827322209342E+000
 6.7068447792079997E+000
 6.0479304216139722E+000
 2.4023127894402830E+001
 6.8783359817688341E+000
 3.9725787859080725E+001
 2.0386757627217932E+001
 4.8845145009451343E+001
 3.9887656964162481E+001
 2.5279885830921753E+001
 2.5315794263728062E+000
 9.8012234065277095E+000
 1.7125037423235725E+001
 5.7888624608766550E+000
 1.9704035910413797E+001
 2.3441988228792194E+001
 3.4143078378180718E+001
 4.4669995528512203E+001
 3.6754978173109002E+001
 3.9499432574721865E+001
 1.7177909721135279E+001
 3.9953160998030026E+000
 4.0550461060819195E+001
 1.0591109701333776E+001
 1.5298896132599561E+001
 2.9526265735867437E+001
 4.1209204118920539E+001
 2.5381149778004982E+001
 8.5310059520652519E+000
 1.4602360364473297E+001
 8.9577442630795137E+000
 4.3031240982507086E+001
 1.1092089748398243E+001
 2.0073868726403781E+001
 9.6895991929168819E+000
 2.4123259264994946E+001
 2.9555781293767705E+001
 2.9001848923755908E+001
 1.2715680450887913E+001
 4.6686699615578213E+001
 4.7756427751664120E+001
 1.6725910697597353E+001
 3.9279507081874705E+001
 4.3624055567903021E+001
 8.2908062240446903E+000
 3.9061677016541772E+001
 4.3436584842394453E+001
 4.8613783983376502E+000
 3.2808444841526324E+001
 1.6437306199913277E+001
 6.2276644989489869E+000
 4.1891292550148464E+001
 3.0948292002540949E+001
 9.4679807680782364E+000
 4.8936820741204116E+001
 4.8241565531363300E+001
 4.7895784113070079E+001
 5.9716204381908424E+000
 1.5447697789696061E+001
 2.0065419643714879E+001
 3.9401991727329978E+001
 4.5835671076559080E+001
 1.5316392854109148E+001
 4.5715535561316230E+001
 3.7996025184289032E+001
 1.1720120564730408E+001
 3.7089626483037961E+001
 1.9661764104642995E+001
 2.8089577357561353E+001
 7.8315882669242818E+000
 3.6198384176379278E+001
 1.0708267803066491E+001
 1.6824740853764620E+001
 2.2242566528631755E+001
 1.9249457162293481E+001
 5.5079107219817400E+000
 3.9656359887708931E+001
 3.5792744641963900E+001
 4.2299855492031845E+001
 7.7638803671207377E+000
 2.4434858501547993E+001
 1.7061507701175803E+001
 7.3021941581317273E+000
 2.6111938914880916E+001
 2.3510353125598158E+001
 8.8061419630732907E+000
 2.5954150639507951E+001
 1.6053968398980285E+001
 2.7349775279634560E+001
 2.6914803362465034E+000
 1.4882482709755003E+001
 3.8165038738072234E+001
 4.0797650969485701E+001
 1.9319885399069360E+001
 3.2420124302061751E+001
 4.7756642330727587E+001
 3.1716215426665496E+001
 4.7289762261064553E+001
 4.6255017591152189E+001
 1.8061117920823257E+001
 8.0765319746624282E+000
 4.5813184046792337E+001
 2.6701707091826666E+001
 1.5605037531563235E+001
 7.5287526196263803E+000
 1.7744556708722772E+001
 4.9246758560357641E+001
 1.7247605822563088E+001
 4.9075852958095503E+001
 4.9859109593321822E+000
 8.4138311765710103E+000
 1.5204136215395815E+001
 3.2221129081914064E+001
 1.7708230651568201E+001
 1.8367678548882925E+001
 2.2079495703162412E+001
 1.9710010806421266E+001
 1.4987662241704247E+000
 1.2821189042357538E+001
 2.5553589592671894E+001
 1.0806138348304104E+001
 2.2017827077611937E+001
 1.8834961730124771E+001
 1.2938159543193700E+001
 6.5520861513828823E+000
 2.7828168257789901E+001
 1.9699199613035628E+001
 1.0742333850653774E+001
 4.3578990373571010E+001
 2.3231906859933137E+001
 2.6388297137379432E+001
 3.0420898085414109E+001
 7.5668041323464506E+000
 3.8036835081938754E+001
 4.7426708223821834E+001
 4.2497060511410368E+001
 3.7771462136348802E+001
 3.7242127073224104E+001
 6.2380101245084543E+000
 4.3855801588616778E+001
 7.8881402187942591E+000
 3.8018127916737321E+001
 4.8381184517095669E+001
 4.3912639745537213E+001
 7.5398926382614739E+000
 5.4249935567161147E+000
 2.2698657976696257E+001
 2.7525593088378383E+001
 2.9354207628496038E+001
 4.0684480920321946E+001
 7.9199850642470508E+000
 6.3844997253281042E+000
 1.7980335486430647E+001
 1.3797866552467452E+001
 2.7718655607619212E+001
 2.7874522175589323E+001
 1.5176471051730301E+001
 4.4506115898892041E+001
 1.1820093164182531E+001
 4.8837116546974336E+001
 8.0968454630320164E+000
 3.2808051621794441E+001
 3.2214025994066283E+001
 5.9966080855376021E+000
 4.1998042891661463E+001
 4.8914187197114867E+000
 3.8578635737817848E+001
 2.7150728178113216E+001
 3.5717640852991870E+001
 2.4266798203080256E+001
 2.8431889483462797E+001
 2.6428602628389278E+001
 4.5815364593504782E+001
 3.2827787203285851E+001
 4.3263961527497003E+001
 3.0935686001616169E+001
 4.9081939846053487E+001
 1.1884292328817283E+001
 4.4260051680370559E+001
 2.9521144148454191E+001
 5.4952926732570013E+000
 9.3031514583433363E+000
 3.9038688370645133E+001
 8.4945258641271568E+000
 4.8434888192868129E+001
 1.2810579042560423E+001
 2.6878887896794609E+001
 2.9521607924988782E+001
 3.8760138382146863E+001
 4.2339155583243141E+001
 2.0403674720463016E+001
 3.3240285956483561E+001
 4.8867462924303162E+001
 1.6546476278251923E+001
 5.5820978794770406E+000
 1.8179943657261354E+001
 3.7015786558799824E+001
 4.5259144219299053E+001
 4.6779956127777638E+001
 3.5909936555545883E+001
 2.8946851453773437E+001
 4.0872431775775562E+000
 4.9303329930359531E+001
 4.5938679200295226E+001
 3.8836412918798615E+001
 7.2496901055816645E+000
 4.5904314637886063E+000
 4.6045250353056240E+001
 4.4886886236523509E+001
 2.5361452937942087E+001
 4.1491722227445614E+001
 2.5276620670188908E+001
 1.5237525030652579E+001
 7.6602484797436334E+000
 4.7271741663695359E+001
 3.1779035493751721E+001
 3.3346086116346960E+001
 4.4021186071033199E+001
 4.5613408685081680E+001
 2.2581881524174733E+001
 2.4763968886149375E+001
 1.8829334011823388E+001
 6.2998556962317753E+000
 2.1615774208807352E+001
 4.7461182650538447E+001
 1.1984663628056708E+001
 8.6404600413299839E+000
 2.0554379370173638E+001
 1.2407655524981390E+001
 5.8514977837876474E+000
 4.0343341949669522E+001
 3.2286270129013822E+001
 1.4461036648730792E+001
 1.3545543439517191E+001
 7.0144826628321102E+000
 9.0128160603340408E+000
 1.1116067926325593E+001
 4.9447115957615864E+001
 4.6888370024284818E+001
 8.0525934514716084E+000
 4.7295025253939762E+001
 3.9062937579341309E+001
 4.5849656921773992E+001
 8.6493844812802223E+000
 4.1400394756739551E+001
 1.0773894781961799E+001
 2.1603827568168896E+001
 3.0950009016782488E+001
 1.2790723008491726E+001
 2.2413129467352732E+001
 4.3473980758213003E+001
 2.3532869356774867E+001
 1.3989943486502971E+001
 4.1898262771074030E+001
 4.8971657941199339E+001
 3.7633123602382504E+001
 1.1619073836839240E+001
 3.2908825784784355E+001
 6.3757173078724607E+000
 2.7384830156423490E+001
 1.6204569295955466E+001
 3.6944136522051046E+001
 4.2575473145069580E+001
 3.8734475772668752E+001
 3.9441042129422804E+001
 1.2704319698952430E+001
 3.7172872248222056E+001
 4.1286602772958275E+001
 1.0801074543890186E+001
 4.3862018632633664E+000
 4.9184695862884304E+001
 4.3010592230017906E+001
 3.9483615374608917E+001
 4.8643460721360334E+001
 1.6733551866595768E+001
 1.8280714795355923E+001
 7.1969003380208019E+000
 1.1150768500927850E+001
 3.9693634605324917E+001
 3.9374941348434341E+001
 4.5584360023051325E+001
 4.5831864942212448E+001
 6.2332931885884353E+000
 1.1360179621050655E+001
 5.8991301921108601E+000
 1.4426669391644118E+001
 4.8480991918240782E+001
 3.0005717735549414E+001
 4.5021399380660789E+001
 3.2836956101719892E+001
 3.8999795854107269E+001
 1.2713987848518833E+001
 2.2158624041941376E+001
 4.9240072662004742E+001
 1.5135357365275881E+001
 4.9303329930359531E+001
 4.9043499190273614E+001
 7.7101000366314851E+000
 3.2208358228379275E+001
 1.9349481360216302E+001
 4.2504771807344866E+001
 4.7537620491665592E+001
 4.3894019219645010E+001
 1.9140553545321961E+001
 4.3406906380886497E+001
 7.8682071006224152E+000
 3.8980088324497402E+001
 1.5297251681720521E+001
 8.2336071301169707E+000
 1.7036585100334772E+001
 2.8421599599201585E+001
 1.9180081983927238E+001
 4.4022970740440030E+001
 1.1263652535906155E+001
 1.7518022720343446E+001
 4.7857616585920326E+001
 3.9456143442048429E+001
 3.4665772705445612E+001
 1.1570930052811409E+001
 4.8048777174129555E+001
 1.5143867829420207E+001
 7.6553363225867965E+000
 1.1678863165703454E+001
 4.1557498937797206E+001
 1.3730934968011413E+001
 2.9483315145962557E+001
 1.3134690287163629E+001
 3.3151983902721767E+001
 4.3747422990160786E+001
 1.8987970905647661E+001
 9.2299373724987479E+000
 4.7726772947644989E+001
 4.9065252029829296E+001
 3.7043729929513496E+001
 3.7427884698853248E+001
 2.6452128907980107E+001
 1.2455157684080179E+001
 4.8971657941199339E+001
 4.2179935428158181E+001
 3.1206095726864696E+001
 4.8064380994953638E+001
 3.0656723400792426E+001
 4.4682018136402156E+001
 3.5925291065599218E+001
 4.1272538792321754E+001
 3.3009157570713583E+001
 4.6478478012575131E+001
 2.6619245030117582E+001
 1.2709187806942618E+001
 3.0168248065961244E+001
 1.3625841638915036E+001
 4.9229778978979546E+001
 3.6103537138586525E+001
 3.8228749935705444E+001
 4.4044338780108930E+001
 4.7939003578539761E+001
 3.8156023985294816E+001
 9.9401513279881257E+000
 4.5732386593360260E+001
 1.9957748286328112E+001
 1.7152417629823187E+001
 3.7647059735986140E+001
 0.0000000000000000E+000
 1.1261597791582796E+001
 4.8243462730343701E+001
 4.5057829669589566E+001
 1.3047491543828126E+001
 2.6444848513381952E+001
 1.4354172275287802E+001
 3.3048116188556776E+001
 4.1832213227918722E+001
 4.8242292822926153E+001
 4.5268776377708953E+001
 4.8961582783686289E+001
 3.8649052782722137E+001
 4.9240775839816060E+001
 4.3307999684274286E+001
 1.3395009134877164E+001
 4.6774323217366543E+001
 3.6547811355010658E+001
 2.3019084544239295E+001
 3.6134979184503671E+001
 3.6324817301129464E+001
 3.0863775148272993E+001
 1.3101747645843572E+001
 4.2987533442111364E+001
 3.4794056249786316E+001
 3.6294097076398963E+001
 1.1015945200395123E+001
 2.0605653961627574E+001
 4.8750115008578838E+001
 1.3394535393132500E+001
 2.7510083234727297E+001
 2.0948956297416633E+001
 4.2125315869523469E+001
 4.6808950390959509E+001
 3.5677843174818001E+001
 4.2642476699248043E+001
 4.2334756665578873E+001
 1.6473180562482842E+001
 3.8019567646774483E+001
 3.0648736252509423E+001
 8.1173767105024357E+000
 2.0831175495652904E+001
 3.8927277473448051E+001
 1.8969214450099518E+001
 3.6489785996401395E+001
 4.5259430697193991E+001
 3.7514082342780242E+001
 3.7153576184099222E+001
 3.8975282172847400E+001
 4.9722715415409766E+001
 4.5833443019188792E+001
 3.4626123535777715E+001
 1.9776210981105514E+001
 3.7009477256741093E+001
 4.4654627614380708E+001
 3.8726145101844033E+001
 4.6603087805908146E+001
 1.4109703491560833E+001
 4.4434719647741240E+001
 3.0340954654466355E+001
 3.4227327583156544E+001
 1.7516837685403409E+001
 3.1573312544086725E+001
 3.7679062406061547E+001
 4.3445021448754147E+001
 4.7888628995678765E+001
 2.5012143509951898E+001
 1.6541191267756368E+001
 6.0561610982841039E+000
 3.7046639821565911E+001
 2.3653716895246390E+001
 1.7510302020825392E+001
 2.8934621668950644E+001
 3.5942046525922080E+001
 1.5489060158114251E+001
 1.7800329653593735E+001
 4.5420198842315166E+001
 3.4592016789168568E+001
 1.3841297093947425E+001
 3.2346884442127603E+001
 4.8449172390642460E+001
 4.7436446098490372E+001
 2.8635966834767249E+001
 2.1319596080998902E+001
 1.7885645318728280E+001
 4.9433951716809865E+001
 3.3889397503101591E+001
 3.0120124164841080E+001
 4.9620914798009942E+001
 4.9239645035869067E+001
 4.8493765599826276E+001
 3.6100330741003098E+001
 3.6708750852310018E+001
 4.9218241590718719E+001
 4.8328573391356237E+001
 4.9218241590718719E+001
 4.8407657904929529E+001
 4.9218241590718719E+001
 4.9933906528011562E+001
 4.9615839650140543E+001
 4.9833572136875937E+001
 4.9819493589482427E+001
 4.9511800670022787E+001
 4.8985074770202573E+001
 4.8755539795286936E+001
